018 0.562753 4646 2942 4765 3120
018 0.858204 1182 2924 1343 3165
018 0.54454 1910 3962 2060 4187
036 0.961195 107 3150 206 3299
043 0.527684 2662 5 2908 374
043 0.540567 134 10 364 356
043 0.89293 4252 1131 4458 1439
043 0.885469 3762 2151 3985 2486
038 0.796603 2444 41 2807 585
038 0.554925 5536 2534 5656 2714
038 0.774785 3412 4246 3565 4474
056 0.7274 1078 568 1135 653
067 0.59398 1560 422 1939 990
067 0.734016 3381 5715 3483 5869
074 0.612847 6480 402 6675 694
074 0.63657 7024 2367 7109 2494
