003 -0.0959127768874 501 32 552 109
003 -0.590135090053 1520 324 1580 413
003 -0.217624567449 9 503 224 825
018 0.489245720208 1950 587 2292 1100
018 -0.607266508043 9217 2170 9303 2298
018 0.557859964669 1843 2927 2020 3192
018 0.613776810467 986 3016 1164 3282
018 0.0464134886861 2411 3150 2672 3542
018 0.459516502917 1389 3952 1877 4684
018 -0.160786531866 1357 2922 1511 3153
018 -0.135879836977 4646 2942 4765 3120
018 -0.727271996439 2192 2907 2303 3073
018 -0.729071043432 730 2912 866 3116
018 -0.837049745023 2314 2944 2448 3145
018 -0.176266811788 1680 2938 1835 3170
018 -0.208512030542 1512 2946 1673 3188
018 -0.63072758168 2029 2922 2169 3133
018 -0.740346156061 1182 2924 1343 3165
018 0.00690112262964 2054 3415 2207 3644
018 -0.217624567449 1180 3449 1335 3682
018 -0.711745373905 1354 3463 1511 3698
018 -0.727271996439 1018 3926 1460 4589
018 0.488729871809 2437 4046 2807 4601
018 0.0862790420651 1839 4013 2192 4542
018 -0.159908674657 2517 3945 2662 4163
018 0.408375836909 1910 3962 2060 4187
018 -0.907315127552 1164 3963 1280 4138
018 -0.159908674657 1494 3448 1687 3738
018 -1.32503514737 1859 3461 2056 3757
018 -0.161707721651 3564 5116 3697 5316
018 -0.907315127552 8446 6096 8550 6252
018 -0.727271996439 429 5908 654 6245
036 0.0589629784226 5208 223 5308 373
036 -0.727271996439 5195 182 5307 350
036 -0.693675927818 1896 1077 1980 1203
036 0.433282531798 659 484 794 687
036 -0.039176248014 3110 1674 3235 1861
036 -0.135879836977 6060 2687 6124 2783
036 0.528187073767 1337 2879 1427 3014
036 -0.234029047191 107 3150 206 3299
043 0.611057110131 1150 10 1309 249
043 -0.791355632246 2662 5 2908 374
043 0.00762806087732 134 10 364 356
043 -0.711745373905 4252 1131 4458 1439
043 -0.151360116899 746 236 2379 2685
043 -0.810611538589 510 276 2738 3618
043 -0.217624567449 3762 2151 3985 2486
043 0.0698745623231 4506 3692 4569 3786
043 -0.551349662244 4492 3610 4560 3712
043 0.406576789916 3789 6096 3942 6326
043 0.684042192996 1057 6115 1117 6205
043 -1.3953005299 1712 6098 1891 6367
038 -0.881732881069 8780 1899 8891 2065
038 0.557859964669 192 833 401 1146
038 -0.614323101938 121 493 365 859
038 1.05270770937 2444 41 2807 585
038 -1.02211770415 9546 3710 9605 3798
038 0.33333427459 5536 2534 5656 2714
038 0.0132939592004 3412 4246 3565 4474
038 0.736104048789 999 5070 1176 5336
038 -0.551349662244 9017 6126 9103 6256
056 1.33043054491 423 72 488 169
056 -0.10898693651 509 200 635 389
056 -0.286090902984 1078 568 1135 653
056 0.0285631492734 1152 527 1210 614
067 0.530962236226 1560 422 1939 990
067 0.454475052655 5136 1032 5856 2112
067 -0.709946326911 2117 1108 2907 2294
067 -1.4062121138 4635 1687 4906 2094
067 -0.63072758168 5833 3758 5893 3847
067 0.0132939592004 8970 4003 9224 4384
067 -0.757671825588 3362 5703 3526 5950
067 -0.0214422270656 6431 5316 6633 5619
067 0.128768838942 8890 5241 8979 5374
067 -0.26442887634 3381 5715 3483 5869
067 0.637237884104 3013 5958 3137 6144
067 0.406576789916 3290 5693 3564 6104
067 0.0160136595368 8660 6515 8982 6998
074 -0.0209727212787 8128 1012 8188 1102
074 -0.663377605379 5286 16 5388 169
074 -0.212848387659 5083 2056 5215 2254
074 -0.78498788923 2464 856 2634 1111
074 -0.136349342763 7299 1268 7501 1572
074 -0.687308184803 6480 402 6675 694
074 1.05270770937 925 437 1308 1011
074 -0.504545353353 3149 2034 3203 2114
074 0.454475052655 7024 2367 7109 2494
074 -0.754850320518 9505 2208 9628 2393
074 0.66583866626 2622 2896 2750 3088
074 -0.827937208116 3160 3849 3318 4086
074 -0.63072758168 9238 4398 9339 4550
074 -0.687308184803 1789 4876 1882 5015
074 -0.792334467173 9500 4524 9626 4713
074 -0.13455029577 3234 5249 3547 5718
074 -0.63072758168 82 5607 186 5763
074 -0.112888269126 292 5544 421 5737
074 0.33333427459 8774 6376 8955 6648
