003 0.05989651381969452 9 12 95 122
003 0.08337219804525375 91 60 161 227
003 0.03950822353363037 34 45 120 155
003 0.10760314017534256 172 66 239 225
003 0.0902373269200325 243 224 333 340
003 0.1045069620013237 380 514 505 811
018 0.15833507478237152 488 864 578 979
018 0.13411401212215424 608 1182 675 1341
018 0.08215684443712234 0 45 139 223
018 0.12043778598308563 163 322 233 488
018 0.1128833219408989 123 55 232 195
018 0.12833154201507568 396 361 476 552
018 0.0955640971660614 27 138 291 475
018 0.1258573830127716 364 158 431 317
018 0.10577938705682755 25 607 111 717
018 0.13138821721076965 236 846 303 1005
018 0.10773681849241257 592 439 690 565
018 0.13123884797096252 397 944 473 1126
018 0.09966608881950378 41 39 135 159
018 0.12509755790233612 408 474 475 633
018 0.0963456854224205 59 14 145 124
018 0.11267171055078506 327 484 417 697
018 0.08087190240621567 0 50 160 255
018 0.11692513525485992 299 252 384 454
018 0.09076061099767685 35 126 225 369
018 0.11098682880401611 336 367 417 558
018 0.0772465169429779 145 168 231 278
018 0.11535193771123886 365 546 442 728
018 0.1035587340593338 128 46 244 194
018 0.12095213681459427 388 470 469 662
018 0.09946175664663315 32 90 267 390
018 0.12784692645072937 397 121 474 303
018 0.08430855721235275 62 52 237 275
018 0.11983057856559753 346 568 416 734
018 0.095731720328331 97 325 206 465
018 0.13189950585365295 172 98 239 257
018 0.09323831647634506 34 66 244 335
018 0.13081397116184235 384 487 479 712
018 0.08555203676223755 61 135 155 256
018 0.12385420501232147 516 658 583 817
018 0.08608533442020416 166 241 252 351
018 0.12479232251644135 296 8 373 190
018 0.10712584853172302 547 652 757 920
018 0.13993537425994873 903 849 998 1075
018 0.09996410459280014 41 549 156 697
018 0.13652129471302032 736 338 803 497
018 0.12245530635118484 208 625 330 781
018 0.127489373087883 632 1766 699 1925
018 0.10259948670864105 48 95 258 363
018 0.12193433195352554 439 96 524 298
018 0.10248197615146637 112 156 215 289
018 0.12328953295946121 463 100 533 266
018 0.09128397703170776 37 138 198 344
018 0.12252223491668701 355 51 436 243
018 0.09218846261501312 199 451 289 566
018 0.12307746708393097 506 767 596 981
018 0.09940919280052185 62 81 166 214
018 0.13178782165050507 520 645 587 804
018 0.08454517275094986 114 49 244 216
018 0.1269904375076294 384 274 451 433
018 0.07508604228496552 83 130 187 263
018 0.1124480664730072 316 158 383 317
018 0.10014556348323822 364 246 450 356
018 0.13886377215385437 129 644 206 826
036 0.10541428625583649 48 22 157 163
036 0.12635073065757751 215 232 285 398
036 0.09958736598491669 83 103 198 250
036 0.11590399593114853 264 387 341 569
036 0.08731134235858917 59 9 145 119
036 0.11803151667118073 44 134 125 326
036 0.08023757487535477 166 102 252 212
036 0.10485771298408508 366 247 443 429
036 0.10042236745357513 151 3 237 113
036 0.11876330524682999 343 325 413 491
036 0.08481620997190475 0 40 86 150
036 0.12037552148103714 168 176 235 335
036 0.09225054085254669 0 140 86 250
036 0.1086248829960823 9 22 83 196
036 0.05846080183982849 28 86 118 202
036 0.0831475704908371 282 331 383 571
043 0.09093375504016876 143 213 274 380
043 0.13129200041294098 72 510 139 669
043 0.10896138846874237 240 418 349 557
043 0.13099591434001923 41 941 117 1123
043 0.12168679386377335 179 72 273 192
043 0.13016973435878754 728 903 805 1086
043 0.10579673200845718 173 61 263 176
043 0.1276583969593048 588 297 683 523
043 0.14665134251117706 917 4559 1026 4698
043 0.1483890861272812 5001 391 5078 573
043 0.158426433801651 1760 5058 1876 5205
043 0.14074058830738068 6828 4205 6905 4387
043 0.10021164268255234 220 39 350 205
043 0.12484553456306458 636 947 738 1187
043 0.09091128408908844 4 11 90 121
043 0.11606235802173615 134 207 204 373
043 0.08434232324361801 3 20 102 147
043 0.11702939122915268 28 157 95 316
043 0.10206465423107147 176 12 275 138
043 0.12224320322275162 162 519 239 701
043 0.07999680936336517 0 6 104 139
043 0.11600437760353088 111 154 181 320
043 0.10138288140296936 16 218 110 339
043 0.12876537442207336 154 652 239 854
038 0.0794343426823616 112 195 198 305
038 0.12369327992200851 326 266 396 432
038 0.1009368821978569 41 258 156 405
038 0.12764400243759155 424 245 491 404
038 0.10893260687589645 192 284 296 416
038 0.13000868260860443 322 1088 392 1255
038 0.13527536392211914 84 932 199 1079
038 0.12634167075157166 1044 1595 1124 1786
038 0.06664297729730606 5 34 114 173
038 0.10946855694055557 136 96 231 322
038 0.09410663694143295 73 174 177 307
038 0.12822265923023224 116 435 193 617
038 0.09732729941606522 4 68 90 178
038 0.12867522239685059 473 72 558 273
038 0.11098157614469528 232 345 341 484
038 0.14196667075157166 379 92 449 258
038 0.07514972239732742 0 1 129 167
038 0.12385419011116028 196 174 263 333
056 0.2612636983394623 10 24 125 171
056 0.09568846225738525 173 178 246 351
056 0.10141027718782425 127 151 236 291
056 0.12308505177497864 202 454 292 667
056 0.06436260789632797 14 42 104 157
056 0.11117057502269745 96 41 177 232
056 0.09753842651844025 5 34 95 149
056 0.1173982322216034 108 106 175 265
067 0.13589614629745483 201 13 310 153
067 0.13008008897304535 492 747 572 938
067 0.11090460419654846 1226 1861 1320 1981
067 0.12906816601753235 205 3551 286 3742
067 0.13403525948524475 16 1913 131 2060
067 0.133488729596138 1296 3514 1363 3673
067 0.10851766169071198 274 298 360 408
067 0.13575097918510437 961 719 1038 901
067 0.07492686808109283 15 40 101 150
067 0.11158903688192368 104 2 171 161
067 0.10467664897441864 222 599 326 731
067 0.13217738270759583 776 302 843 461
067 0.11871489882469177 57 28 155 154
067 0.13559846580028534 79 737 149 903
067 0.10345009714365005 278 273 372 394
067 0.1128200888633728 357 806 434 989
067 0.08553225547075272 0 121 98 248
067 0.11431433260440826 228 1 312 202
067 0.11663280427455902 18 6 121 138
067 0.09021252393722534 178 95 251 269
067 0.09395165741443634 91 84 177 194
067 0.11706564575433731 216 58 297 250
067 0.1032373383641243 259 243 353 364
067 0.1289708912372589 366 777 436 943
067 0.10522067546844482 365 387 451 497
067 0.13512465357780457 164 145 241 327
074 0.08074131608009338 12 44 103 160
074 0.10347132384777069 132 45 199 204
074 0.08655378222465515 2 72 88 182
074 0.12265203893184662 252 246 319 405
074 0.08074071258306503 65 37 226 243
074 0.11777494847774506 381 101 454 275
074 0.11010117083787918 93 4 267 226
074 0.1339864283800125 390 385 475 587
074 0.11852297186851501 128 201 244 348
074 0.13352477550506592 708 606 803 832
074 0.12416929006576538 124 327 218 447
074 0.12669558823108673 665 523 773 780
074 0.14196649193763733 146 988 240 1109
074 0.13514533638954163 719 1175 795 1357
074 0.07158203423023224 1 44 91 159
074 0.11943614482879639 112 150 179 309
074 0.09508944302797318 3 5 89 115
074 0.10647951811552048 255 168 340 370
074 0.09097554534673691 97 3 206 143
074 0.10012619197368622 410 12 483 185
074 0.1007615178823471 32 205 141 344
074 0.12648363411426544 329 469 424 694
074 0.09768623858690262 30 157 116 267
074 0.12051507085561752 468 109 535 268
074 0.07249520719051361 14 118 104 233
074 0.12708769738674164 218 281 288 447
074 0.10327880829572678 63 5 153 120
074 0.09161532670259476 28 189 95 348
074 0.1077692061662674 141 234 227 344
074 0.11787288635969162 293 304 369 486
074 0.10974007844924927 465 717 564 843
074 0.1348760426044464 846 1540 931 1742
074 0.08498285710811615 113 184 199 294
074 0.12072179466485977 234 101 319 303
074 0.11084261536598206 57 53 147 168
074 0.11489887535572052 180 46 288 303
074 0.11078907549381256 65 399 163 525
074 0.1354062706232071 524 446 591 605
