018 0.489245720208 1950 587 2292 1100
018 0.0464134886861 2411 3150 2672 3542
018 0.613776810467 986 3016 1164 3282
018 0.557859964669 1843 2927 2020 3192
018 0.459516502917 1389 3952 1877 4684
018 -0.740346156061 1182 2924 1343 3165
018 -0.208512030542 1512 2946 1673 3188
018 -0.160786531866 1357 2922 1511 3153
018 -0.176266811788 1680 2938 1835 3170
018 0.0862790420651 1839 4013 2192 4542
018 -0.135879836977 4646 2942 4765 3120
018 0.488729871809 2437 4046 2807 4601
018 0.00690112262964 2054 3415 2207 3644
018 -0.217624567449 1180 3449 1335 3682
018 -0.711745373905 1354 3463 1511 3698
018 -0.159908674657 2517 3945 2662 4163
018 0.408375836909 1910 3962 2060 4187
018 -0.907315127552 1164 3963 1280 4138
018 -0.161707721651 3564 5116 3697 5316
043 -0.711745373905 4252 1131 4458 1439
043 -0.551349662244 4492 3610 4560 3712
043 0.406576789916 3789 6096 3942 6326
043 0.684042192996 1057 6115 1117 6205
038 1.05270770937 2444 41 2807 585
038 0.557859964669 192 833 401 1146
038 0.33333427459 5536 2534 5656 2714
038 0.736104048789 999 5070 1176 5336
056 1.33043054491 423 72 488 169
056 0.0285631492734 1152 527 1210 614
056 -0.286090902984 1078 568 1135 653
067 0.530962236226 1560 422 1939 990
067 0.0132939592004 8970 4003 9224 4384
067 -0.63072758168 5833 3758 5893 3847
067 -0.757671825588 3362 5703 3526 5950
067 0.128768838942 8890 5241 8979 5374
067 -0.26442887634 3381 5715 3483 5869
074 1.05270770937 925 437 1308 1011
074 -0.212848387659 5083 2056 5215 2254
074 0.454475052655 7024 2367 7109 2494
074 -0.63072758168 9238 4398 9339 4550
074 -0.687308184803 1789 4876 1882 5015
