018 -0.886251538992 6705 416 6879 677
018 0.709582179785 1357 2937 1525 3190
018 0.702242285013 1381 2945 1486 3102
018 0.702242285013 1526 3007 1654 3199
018 1.48223480582 2446 3068 2556 3233
018 -0.791508316994 1852 2937 1982 3131
018 -0.833243757486 1855 3449 1992 3655
018 0.702242285013 1908 3972 2053 4189
018 -0.113248378038 2489 3991 2687 4287
018 -0.023590028286 2526 3956 2654 4147
018 0.756402492523 780 4198 912 4397
036 -0.0656760036945 1120 1486 1227 1646
036 -0.882669627666 5408 3746 5457 3819
043 -0.791508316994 3544 3311 3834 3746
043 -0.0656760036945 4422 5555 4545 5741
043 -0.023590028286 3760 6108 3962 6412
038 -0.838328629732 3634 1135 3842 1447
038 -0.023590028286 5518 2537 5676 2774
038 -0.870724886656 3410 4250 3558 4471
038 -0.0656760036945 8323 5490 8419 5634
067 0.703745245934 3354 5717 3528 5978
074 -0.838328629732 2489 922 2603 1093
074 0.709582179785 8449 1672 8725 2086
074 -0.840583652258 5298 2578 5433 2781
074 -0.796242654324 3173 3846 3318 4064
074 -0.0689073801041 3173 3936 3301 4128
074 2.25015309453 2493 4012 2592 4161
074 -0.0689073801041 1662 4021 1772 4187
074 -0.791508316994 3051 3913 3199 4135
074 0.66524118185 1522 4140 1613 4276
074 0.756402492523 1780 4880 1907 5071
