018 -1.28085543215 8291 272 8413 454
018 -1.28085543215 1998 850 2048 924
018 -2.11090774834 5888 1228 5939 1304
018 -0.482386544347 6577 1622 6755 1890
018 -0.482386544347 6632 1623 6739 1783
018 -1.31243886054 7445 1844 7535 1978
018 -0.444186061621 3696 2012 3792 2156
018 -0.444186061621 5755 2408 5998 2772
018 0.354282826185 3531 2770 3811 3190
018 -1.31243886054 8910 2496 8983 2605
018 -1.28085543215 1273 3056 1351 3173
018 -1.28085543215 1585 3079 1679 3220
018 -0.475769490004 1768 3067 1843 3179
018 -1.31243886054 2414 3123 2456 3185
018 -1.31243886054 1062 3099 1136 3208
018 -0.475769490004 1497 3958 1760 4353
018 -0.482386544347 5293 3566 5409 3739
018 -1.28085543215 2295 3578 2403 3741
018 -1.31243886054 3695 3648 3844 3871
018 -0.482386544347 6280 3714 6411 3911
018 -1.28085543215 5902 3334 5960 3420
018 -1.28085543215 2576 4261 2860 4686
018 -2.11090774834 1495 3659 1527 3707
018 0.354282826185 842 4324 973 4521
018 -0.444186061621 2026 4246 2112 4374
018 -1.28085543215 2667 4394 2809 4607
018 -0.475769490004 5969 4667 6125 4902
018 -1.28085543215 5388 4366 5452 4462
018 -0.482386544347 6346 4892 6462 5066
018 -0.482386544347 3849 5010 3963 5180
018 -2.11090774834 6498 5184 6602 5340
018 -1.31243886054 6447 5004 6497 5079
018 0.354282826185 7134 5526 7257 5711
018 -1.31243886054 2393 5146 2469 5260
018 0.354282826185 3689 5427 3820 5623
018 -0.482386544347 6977 6284 7112 6487
018 -0.482386544347 8519 6671 8673 6903
018 -0.482386544347 7526 6170 7603 6284
018 -1.28085543215 2780 6505 2842 6597
018 -1.28085543215 7730 6803 7812 6926
036 -1.31243886054 3266 267 3334 367
036 -1.28085543215 5852 259 5926 369
036 -1.28085543215 1142 720 1202 809
036 -0.482386544347 1704 1014 1758 1095
036 -0.482386544347 2726 1803 2802 1917
036 -1.27423837781 4502 2535 4605 2690
036 -2.11090774834 4346 2611 4412 2709
036 -0.482386544347 3146 2796 3208 2888
036 -1.27423837781 1858 3002 1909 3079
036 -1.31243886054 1452 2888 1512 2978
036 -1.31243886054 2326 3662 2362 3716
036 -1.28085543215 5591 3901 5676 4029
043 -1.28085543215 1542 158 1600 244
043 -0.482386544347 4848 536 4936 668
043 -1.28085543215 2908 1046 2994 1174
043 -0.658612564206 589 988 726 1194
043 -1.28085543215 2422 1362 2514 1500
043 -1.31243886054 3014 1553 3066 1631
043 -1.28085543215 4877 2598 4933 2682
043 0.354282826185 4382 2856 4510 3049
043 -1.31243886054 3494 2811 3628 3011
043 -1.31243886054 3497 2848 3644 3069
043 -2.11090774834 1261 3008 1413 3237
043 -0.482386544347 4277 3267 4471 3558
043 -1.28085543215 3542 3300 3678 3504
043 -1.28085543215 4404 3389 4454 3464
043 -0.482386544347 4466 3424 4535 3527
043 -0.475769490004 4384 3587 4475 3723
043 -2.11090774834 1017 3877 1197 4147
043 -2.11090774834 2473 4351 2694 4682
043 -1.28085543215 1112 4723 1277 4971
043 -1.31243886054 1507 4670 1601 4810
043 -1.28085543215 4564 4670 4636 4776
043 -0.482386544347 4546 5905 4624 6021
043 -2.11090774834 3703 6247 3806 6402
043 -0.482386544347 4275 6212 4352 6328
043 -1.28085543215 4301 6016 4415 6187
043 0.971360951662 862 6423 958 6567
043 -1.28085543215 1639 6777 1714 6889
038 -1.28085543215 9303 96 9379 210
038 -1.28085543215 9337 114 9416 232
038 -1.31243886054 5798 146 5880 270
038 -1.28085543215 4997 198 5078 319
038 -1.28085543215 4311 501 4371 590
038 -1.31243886054 3576 603 3655 721
038 -1.28085543215 7969 641 8025 725
038 -1.31243886054 9687 816 9746 904
038 -1.31243886054 6184 862 6284 1012
038 -1.27423837781 8816 1299 9069 1679
038 -2.11090774834 9018 1069 9105 1199
038 -2.11090774834 8925 1379 8982 1465
038 -1.28085543215 8922 1380 9005 1505
038 -1.31243886054 9512 1420 9576 1515
038 -1.31243886054 6487 1703 6560 1812
038 -1.28085543215 7416 1768 7487 1874
038 -1.31243886054 6962 1852 7016 1932
038 -1.28085543215 2880 2031 2984 2187
038 -1.31243886054 1043 2185 1203 2425
038 -1.31243886054 8323 2354 8414 2490
038 -1.31243886054 4266 2584 4356 2719
038 -0.444186061621 5266 2647 5415 2871
038 -1.31243886054 6945 2644 7019 2754
038 -1.28085543215 1058 2617 1148 2753
038 -1.31243886054 4450 2824 4571 3006
038 -0.482386544347 5380 2848 5480 2997
038 0.354282826185 4439 3281 4541 3435
038 -0.444186061621 3949 3772 4036 3903
038 -0.482386544347 7691 3904 7748 3989
038 -0.482386544347 3587 4351 3884 4796
038 -1.28085543215 328 5153 564 5507
038 0.354282826185 5516 4299 5664 4520
038 -1.31243886054 5486 4373 5581 4515
038 -0.482386544347 3529 4665 3663 4867
038 -2.11090774834 8893 4295 8959 4393
038 -0.482386544347 1243 4702 1352 4866
038 -1.28085543215 5262 4906 5400 5113
038 -1.31243886054 1460 4518 1524 4614
038 -1.28085543215 1499 4548 1555 4633
038 -1.28085543215 8419 4416 8474 4498
038 -2.11090774834 6659 4602 6712 4682
038 -1.28085543215 6617 4578 6669 4656
038 -1.28085543215 7168 4793 7246 4911
038 -0.482386544347 1030 4827 1106 4940
038 -1.58609451354 2428 6269 2697 6673
038 0.354282826185 4207 5040 4501 5481
038 -1.28085543215 8020 4897 8074 4977
038 -1.28085543215 6321 4867 6380 4955
038 -1.28085543215 688 5431 789 5582
038 -1.28085543215 7361 5269 7402 5330
038 -1.28085543215 8646 5608 8743 5754
038 -1.28085543215 3236 5323 3303 5423
038 -2.11090774834 9713 5831 9841 6023
038 -1.28085543215 8394 6663 8550 6896
038 -1.28085543215 6291 5457 6350 5546
038 -0.475769490004 3325 5702 3384 5790
038 -1.28085543215 2062 5961 2163 6113
038 -1.28085543215 8509 5812 8574 5909
038 -1.28085543215 8918 6118 8995 6233
038 -1.28085543215 6316 6626 6462 6845
038 -1.31243886054 3556 6055 3624 6157
038 -1.31243886054 9164 6306 9208 6372
038 -1.28085543215 4369 6524 4452 6648
038 -1.31243886054 7061 6318 7118 6404
038 -2.11090774834 7066 6332 7136 6436
038 -0.482386544347 9840 6541 9914 6652
038 -1.28085543215 6526 6831 6625 6980
038 -0.482386544347 7186 6828 7273 6958
038 -1.28085543215 3448 6674 3513 6771
038 -0.482386544347 1444 6800 1512 6902
038 -2.11090774834 6928 6934 6980 7012
056 -0.482386544347 43 746 100 831
067 -1.27423837781 1924 308 2072 530
067 -1.28085543215 57 1104 132 1216
067 -0.482386544347 3480 1238 3536 1323
067 -0.482386544347 6408 1460 6458 1535
067 -1.28085543215 6508 1764 6582 1874
067 -1.28085543215 8888 1773 8965 1888
067 -1.31243886054 1143 2331 1221 2448
067 -1.28085543215 7490 2739 7578 2871
067 -0.482386544347 2280 3145 2394 3315
067 -0.482386544347 3179 2764 3228 2838
067 -1.28085543215 9335 3274 9405 3378
067 -1.28085543215 1144 3680 1228 3805
067 -0.444186061621 2797 4254 2889 4392
067 -0.444186061621 803 3971 861 4058
067 -2.11090774834 9196 4765 9246 4841
067 -0.482386544347 3362 5807 3630 6209
067 -2.11090774834 4409 4971 4463 5051
067 -2.11090774834 9407 5552 9503 5696
067 -1.28085543215 4224 5762 4310 5891
067 -2.11090774834 6519 5765 6567 5837
067 -1.28085543215 4869 6094 5050 6366
067 -2.11090774834 5415 5900 5474 5988
067 -1.28085543215 7062 6712 7128 6811
067 -1.28085543215 8972 6528 9058 6657
067 -0.482386544347 9618 6782 9670 6860
074 -2.11090774834 4169 186 4235 284
074 -1.27423837781 9646 172 9734 304
074 -0.482386544347 2275 163 2374 312
074 -0.482386544347 2010 248 2063 327
074 -1.28085543215 4728 220 4804 334
074 -1.28085543215 5644 275 5735 412
074 -1.31243886054 8685 290 8761 403
074 -0.475769490004 4553 737 4680 927
074 -1.31243886054 2680 781 2867 1061
074 -0.482386544347 2918 775 3020 928
074 -0.475769490004 5623 909 5761 1117
074 -0.444186061621 6562 1087 6789 1428
074 -1.28085543215 2843 936 2897 1018
074 -0.482386544347 5103 1085 5170 1186
074 -2.11090774834 3789 1091 3853 1186
074 -1.31243886054 1818 1133 1905 1263
074 -0.482386544347 4260 1152 4310 1227
074 -1.31243886054 6664 1182 6748 1308
074 -1.31243886054 4637 1288 4688 1365
074 -2.11090774834 1298 1636 1472 1897
074 -0.475769490004 2859 1444 2941 1566
074 -1.31243886054 3768 1632 3897 1826
074 -1.28085543215 7698 1545 7762 1640
074 -0.482386544347 5684 1564 5758 1674
074 -0.482386544347 3826 1680 3924 1827
074 -1.28085543215 6749 1685 6800 1761
074 -0.482386544347 3152 1788 3214 1881
074 -1.28085543215 3467 1937 3519 2015
074 -1.28085543215 9767 2191 9841 2302
074 -2.11090774834 5672 2125 5726 2205
074 -0.482386544347 5952 2160 6034 2282
074 -1.28085543215 8394 2543 8580 2821
074 -0.658612564206 2371 2566 2544 2826
074 -2.11090774834 5189 2220 5239 2295
074 -2.11090774834 3408 2302 3468 2391
074 -0.482386544347 9282 2478 9379 2624
074 -0.444186061621 3277 2446 3361 2572
074 -0.482386544347 3982 2488 4076 2629
074 -0.482386544347 4209 2767 4419 3082
074 -1.28085543215 8959 2568 9026 2667
074 -1.28085543215 7324 2606 7426 2759
074 0.354282826185 7870 2734 7997 2925
074 -1.31243886054 8410 2772 8514 2929
074 -0.482386544347 6490 2786 6590 2936
074 -0.482386544347 8080 2542 8135 2624
074 -1.28085543215 2117 2770 2195 2888
074 -1.28085543215 9766 2814 9837 2919
074 -0.482386544347 6497 2829 6594 2975
074 -2.11090774834 1705 2802 1759 2882
074 -1.31243886054 4914 3013 4991 3129
074 -1.28085543215 2681 2975 2740 3063
074 -0.482386544347 1232 3264 1376 3480
074 -1.31243886054 5732 3766 5858 3954
074 -1.28085543215 3626 3616 3698 3724
074 -1.28085543215 3632 3617 3685 3697
074 -1.31243886054 7992 4259 8079 4390
074 -0.695360735059 7999 4204 8051 4281
074 -0.482386544347 9204 4191 9264 4281
074 -1.28085543215 5298 4758 5425 4949
074 -0.482386544347 3094 5264 3261 5514
074 -0.475769490004 4401 4663 4486 4790
074 -0.482386544347 4523 4943 4642 5122
074 -1.28085543215 7211 5364 7293 5487
074 -1.28085543215 5522 5766 5580 5852
074 -1.28085543215 8917 6611 8993 6725
