003 0.991736103247 269 988 319 1038
003 0.991398652366 314 935 364 985
003 0.990647816592 813 487 863 537
003 0.99043290769 558 896 608 946
003 0.990325839911 444 1030 494 1080
003 0.990151147295 214 207 264 257
003 0.990151147295 214 207 264 257
003 0.990024484017 132 119 182 169
003 0.989822436784 767 619 817 669
003 0.989123289039 552 873 602 923
003 0.988874806503 233 328 283 378
003 0.988400346327 315 935 365 985
003 0.988338105033 143 128 193 178
003 0.988250518149 142 139 192 189
003 0.988239316147 235 328 285 378
003 0.988239316147 235 328 285 378
003 0.987983966419 763 449 813 499
003 0.987976389107 494 1326 544 1376
003 0.987966741975 198 372 248 422
003 0.987785972399 143 124 193 174
003 0.987684177075 486 966 536 1016
003 0.987425512387 223 391 273 441
003 0.987381654011 484 961 534 1011
003 0.987376069926 119 364 169 414
003 0.987162648556 137 214 187 264
018 0.996966127023 5332 5810 5382 5860
018 0.987047764828 4067 7483 4117 7533
018 0.982672355849 5099 7100 5149 7150
018 0.980817400123 3553 8747 3603 8797
018 0.979238607715 1986 391 2036 441
018 0.978766442126 4811 910 4861 960
018 0.977132485633 3000 9092 3050 9142
018 0.977132485633 3000 9092 3050 9142
018 0.976227383093 6647 7890 6697 7940
018 0.975830788457 1757 6643 1807 6693
018 0.975793929692 1287 1102 1337 1152
018 0.975249585801 4213 5163 4263 5213
018 0.974810261177 4840 1973 4890 2023
018 0.973725966654 3554 8747 3604 8797
018 0.973722704152 6915 2306 6965 2356
018 0.973233443999 5078 2168 5128 2218
018 0.972384204886 6733 3003 6783 3053
018 0.972304280607 4088 3458 4138 3508
018 0.972163675412 4127 5853 4177 5903
018 0.972062865507 1939 1050 1989 1100
018 0.971458000262 1152 8313 1202 8363
018 0.971340517905 5376 6941 5426 6991
018 0.970787061663 4521 7014 4571 7064
018 0.970770597387 5519 8807 5569 8857
018 0.970770597387 5519 8807 5569 8857
036 0.996437253199 774 4735 824 4785
036 0.989131225546 988 1449 1038 1499
036 0.988347238446 1848 4137 1898 4187
036 0.987409328547 1103 6362 1153 6412
036 0.986502897837 366 4634 416 4684
036 0.986502897837 366 4634 416 4684
036 0.98610006043 826 5031 876 5081
036 0.986043635001 2799 4860 2849 4910
036 0.985920379015 609 4931 659 4981
036 0.985703453772 2707 1323 2757 1373
036 0.985450388766 4527 701 4577 751
036 0.985411134572 1101 6326 1151 6376
036 0.984823725221 1136 6288 1186 6338
036 0.983857025659 2690 1191 2740 1241
036 0.983356255333 1263 921 1313 971
036 0.982735305704 871 5155 921 5205
036 0.982676453422 2963 461 3013 511
036 0.98243041746 3332 5414 3382 5464
036 0.982106811215 2636 792 2686 842
036 0.98150881334 754 5651 804 5701
036 0.981473088114 1307 2250 1357 2300
036 0.981473088114 1307 2250 1357 2300
036 0.981320190227 691 4590 741 4640
036 0.981057059581 4308 1215 4358 1265
036 0.981009403003 1315 5070 1365 5120
043 0.989022885905 5169 1409 5219 1459
043 0.988646809003 3695 4250 3745 4300
043 0.986082363851 3698 4249 3748 4299
043 0.982877851556 3901 3397 3951 3447
043 0.982587939075 3515 4653 3565 4703
043 0.982554625244 2565 1983 2615 2033
043 0.981749611141 3699 4249 3749 4299
043 0.980343140727 4469 2230 4519 2280
043 0.978290956709 3902 3373 3952 3423
043 0.978125870654 6557 4774 6607 4824
043 0.978125870654 6557 4774 6607 4824
043 0.976942962864 4249 3090 4299 3140
043 0.976797383461 1991 4759 2041 4809
043 0.975936734214 3595 2696 3645 2746
043 0.97548402376 6725 2120 6775 2170
043 0.974939989389 2702 4654 2752 4704
043 0.973888551372 4896 2335 4946 2385
043 0.971840317542 6751 2084 6801 2134
043 0.971569468011 6724 2121 6774 2171
043 0.971260065952 5545 1406 5595 1456
043 0.970689607838 2895 2745 2945 2795
043 0.969968165818 3905 3400 3955 3450
043 0.969774589521 3501 3031 3551 3081
043 0.969354425563 1896 3634 1946 3684
043 0.969192067253 2382 3574 2432 3624
038 0.986103169951 2974 2538 3024 2588
038 0.986103169951 2974 2538 3024 2588
038 0.983087028337 1838 8932 1888 8982
038 0.982719167823 2926 3861 2976 3911
038 0.982357607365 2766 2298 2816 2348
038 0.982349356426 1612 7819 1662 7869
038 0.982322265889 2705 2523 2755 2573
038 0.981833143324 1565 762 1615 812
038 0.981833143324 1565 762 1615 812
038 0.981485391282 1257 6674 1307 6724
038 0.981334432375 1055 6932 1105 6982
038 0.980237643843 2955 2490 3005 2540
038 0.979987451653 2901 2675 2951 2725
038 0.978462124317 705 1093 755 1143
038 0.977789509715 211 6707 261 6757
038 0.976577469963 1968 3407 2018 3457
038 0.973995782411 2633 2351 2683 2401
038 0.973995782411 2633 2351 2683 2401
038 0.972886572717 1521 1077 1571 1127
038 0.972711556894 4536 281 4586 331
038 0.972608110113 3606 3062 3656 3112
038 0.972388258327 2634 2350 2684 2400
038 0.971685372595 1117 458 1167 508
038 0.97079544512 2936 2498 2986 2548
038 0.969732287147 1330 962 1380 1012
056 0.99323975187 174 168 224 218
056 0.992787951192 223 219 273 269
056 0.991592442104 203 180 253 230
056 0.991592442104 203 180 253 230
056 0.991472472194 352 136 402 186
056 0.99028722849 107 215 157 265
056 0.99028722849 107 215 157 265
056 0.989573539061 233 311 283 361
056 0.98878807981 149 94 199 144
056 0.988415159241 246 245 296 295
056 0.988415159241 246 245 296 295
056 0.987783730807 210 72 260 122
056 0.987783730807 210 72 260 122
056 0.987236562 677 631 727 681
056 0.986950961247 300 161 350 211
056 0.986950961247 300 161 350 211
056 0.985310696226 144 225 194 275
056 0.984712875733 106 92 156 142
056 0.984599429802 108 72 158 122
056 0.983535133575 208 91 258 141
056 0.983055468242 331 190 381 240
056 0.982865152134 327 188 377 238
056 0.982865152134 327 188 377 238
056 0.982763930732 217 213 267 263
056 0.982619212722 649 110 699 160
067 0.995330873215 4149 4570 4199 4620
067 0.989374907173 4728 5371 4778 5421
067 0.989374907173 4728 5371 4778 5421
067 0.989374907173 4728 5371 4778 5421
067 0.988777792293 5688 7498 5738 7548
067 0.988417748713 3266 8942 3316 8992
067 0.988417748713 3266 8942 3316 8992
067 0.988417748713 3266 8942 3316 8992
067 0.986753457093 4447 6306 4497 6356
067 0.986729039912 6617 5862 6667 5912
067 0.985560438023 4097 3762 4147 3812
067 0.985560438023 4097 3762 4147 3812
067 0.984079036035 3617 4372 3667 4422
067 0.984079036035 3617 4372 3667 4422
067 0.984079036035 3617 4372 3667 4422
067 0.983216360873 3127 2987 3177 3037
067 0.982582501343 3669 3770 3719 3820
067 0.982478809286 5640 7408 5690 7458
067 0.982355366572 3694 612 3744 662
067 0.982221431262 4310 8562 4360 8612
067 0.980613580543 4228 2276 4278 2326
067 0.980579182421 3580 3968 3630 4018
067 0.980325757796 4527 4571 4577 4621
067 0.980220243363 5897 3301 5947 3351
067 0.980202997759 3961 2644 4011 2694
074 0.991529351071 1828 7817 1878 7867
074 0.985270226078 1393 5909 1443 5959
074 0.982846969807 4653 8714 4703 8764
074 0.982554311717 4630 8997 4680 9047
074 0.982353327579 4629 8996 4679 9046
074 0.980662558596 4562 8391 4612 8441
074 0.980457378272 1448 8369 1498 8419
074 0.980457378272 1448 8369 1498 8419
074 0.980348063627 4626 8998 4676 9048
074 0.980171471643 1827 7818 1877 7868
074 0.978607637179 3112 5306 3162 5356
074 0.977833102077 4359 2501 4409 2551
074 0.977484435766 2958 4692 3008 4742
074 0.976826012653 5024 5342 5074 5392
074 0.976367375893 1483 8393 1533 8443
074 0.974748733228 4304 2936 4354 2986
074 0.974651337984 4618 8438 4668 8488
074 0.97349854086 4694 7591 4744 7641
074 0.973483194769 4621 9053 4671 9103
074 0.973306892629 4558 8407 4608 8457
074 0.973295399698 4144 6426 4194 6476
074 0.973125951105 3112 5307 3162 5357
074 0.972925612301 318 3396 368 3446
074 0.972584820195 4598 9020 4648 9070
074 0.972331798759 4679 7702 4729 7752
