003 0.738560569522 890 753 940 803
003 0.738560569522 890 753 940 803
003 0.531696981947 400 465 450 515
003 0.489955778614 323 127 373 177
003 0.486890875495 393 1161 443 1211
003 0.486289079085 750 1344 800 1394
003 0.480614238003 322 128 372 178
003 0.46029536254 746 997 796 1047
003 0.454897871401 235 877 285 927
003 0.440348477594 831 846 881 896
003 0.429731977874 256 444 306 494
003 0.424251169499 257 434 307 484
003 0.413451789292 330 121 380 171
003 0.412619050868 600 1503 650 1553
003 0.408965131401 911 758 961 808
003 0.404992154027 91 1356 141 1406
003 0.404512128185 330 124 380 174
003 0.387016425537 679 361 729 411
003 0.382906646865 838 94 888 144
003 0.381576569623 393 1158 443 1208
003 0.380700482043 739 696 789 746
003 0.380122702592 290 458 340 508
003 0.371948325496 706 1280 756 1330
003 0.358746150061 392 1161 442 1211
003 0.358746150061 392 1161 442 1211
018 0.678338152521 4334 5981 4384 6031
018 0.653202594808 3696 4581 3746 4631
018 0.626553390338 3697 4580 3747 4630
018 0.609888292848 4429 7083 4479 7133
018 0.596713980314 4304 7465 4354 7515
018 0.5794021208 1423 688 1473 738
018 0.564876559461 2874 8848 2924 8898
018 0.564876559461 2874 8848 2924 8898
018 0.562123734232 3443 8877 3493 8927
018 0.561661145212 2798 5108 2848 5158
018 0.561025479208 2484 5001 2534 5051
018 0.559684917899 2506 4928 2556 4978
018 0.55104936771 2874 8847 2924 8897
018 0.546984598455 3488 7262 3538 7312
018 0.546226842576 3695 4581 3745 4631
018 0.540916625828 2555 6970 2605 7020
018 0.531006326857 4660 6588 4710 6638
018 0.522459856877 6445 7687 6495 7737
018 0.521717545283 2565 1918 2615 1968
018 0.517547430912 3859 5813 3909 5863
018 0.516786074136 6445 7676 6495 7726
018 0.516786074136 6445 7676 6495 7726
018 0.511281437594 4878 5759 4928 5809
018 0.499884702826 4823 530 4873 580
018 0.497761231564 3882 5778 3932 5828
036 0.707967283739 1228 195 1278 245
036 0.667179614353 1267 779 1317 829
036 0.656847488862 1015 594 1065 644
036 0.651940264949 1006 5544 1056 5594
036 0.651940264949 1006 5544 1056 5594
036 0.629914942509 1546 4770 1596 4820
036 0.587999643131 1135 319 1185 369
036 0.572373918446 1148 829 1198 879
036 0.565884992302 532 679 582 729
036 0.563102076275 1005 632 1055 682
036 0.557734950996 611 5545 661 5595
036 0.555888100622 533 680 583 730
036 0.551167708143 1199 331 1249 381
036 0.550661535385 3764 2402 3814 2452
036 0.538257925538 3214 783 3264 833
036 0.537307034238 1142 898 1192 948
036 0.51988207889 1546 4771 1596 4821
036 0.514002195074 1051 924 1101 974
036 0.512128191416 1703 1529 1753 1579
036 0.508143604934 1541 5415 1591 5465
036 0.506819419583 620 1204 670 1254
036 0.497662652776 1176 1788 1226 1838
036 0.494378308542 1394 4955 1444 5005
036 0.488285598184 1058 933 1108 983
036 0.488285598184 1058 933 1108 983
043 0.774433988705 6668 4317 6718 4367
043 0.582276419792 1544 508 1594 558
043 0.55563916215 6686 1593 6736 1643
043 0.529885215779 1569 3680 1619 3730
043 0.527284479726 5052 3586 5102 3636
043 0.522242312209 2886 1774 2936 1824
043 0.522242312209 2886 1774 2936 1824
043 0.51769771439 5220 3070 5270 3120
043 0.474560336763 2886 1773 2936 1823
043 0.462149916877 4009 4317 4059 4367
043 0.442829879622 5788 4271 5838 4321
043 0.438129632145 6919 4637 6969 4687
043 0.428157247304 6920 2966 6970 3016
043 0.425587426404 3422 1654 3472 1704
043 0.412872436483 4009 4318 4059 4368
043 0.411912037931 2885 1774 2935 1824
043 0.411912037931 2885 1774 2935 1824
043 0.401776102056 1543 508 1593 558
043 0.399331594984 5380 2431 5430 2481
043 0.398122887649 3423 1654 3473 1704
043 0.390091611938 6235 909 6285 959
043 0.384345332596 6682 3631 6732 3681
043 0.380578987439 4109 4706 4159 4756
043 0.350444068913 6689 1596 6739 1646
043 0.350444068913 6689 1596 6739 1646
038 0.702267472649 4223 1369 4273 1419
038 0.552308335019 1965 3500 2015 3550
038 0.49622854309 5421 5041 5471 5091
038 0.487194102509 4222 1368 4272 1418
038 0.478856793534 1639 7280 1689 7330
038 0.467131700074 1966 3500 2016 3550
038 0.432059487169 2011 2689 2061 2739
038 0.432059487169 2011 2689 2061 2739
038 0.429290056018 2862 8873 2912 8923
038 0.392076512423 1486 6684 1536 6734
038 0.379726515651 1352 9654 1402 9704
038 0.371423493909 1967 3499 2017 3549
038 0.366551236443 4226 1364 4276 1414
038 0.356939945891 2140 8975 2190 9025
038 0.346264957338 2090 958 2140 1008
038 0.346264957338 2090 958 2140 1008
038 0.343412148396 1121 1974 1171 2024
038 0.340265071759 2322 7973 2372 8023
038 0.336840209983 1640 7278 1690 7328
038 0.336840209983 1640 7278 1690 7328
038 0.327425845779 5367 3312 5417 3362
038 0.321406750001 1641 7281 1691 7331
038 0.321325072395 3123 9033 3173 9083
038 0.3173067669 2027 2777 2077 2827
038 0.30530493246 5420 5040 5470 5090
056 0.720187339254 166 598 216 648
056 0.690290523034 71 428 121 478
056 0.613061450241 740 336 790 386
056 0.590309002253 475 1248 525 1298
056 0.585269611673 757 769 807 819
056 0.553787929491 595 1071 645 1121
056 0.52182850787 72 418 122 468
056 0.509859011932 739 336 789 386
056 0.495292736735 552 297 602 347
056 0.478961796494 544 831 594 881
056 0.476739746793 623 1071 673 1121
056 0.476488507431 660 786 710 836
056 0.426375258526 577 956 627 1006
056 0.419473680523 320 1215 370 1265
056 0.403977486908 237 752 287 802
056 0.39723266828 627 527 677 577
056 0.391294512641 423 361 473 411
056 0.391150430873 116 449 166 499
056 0.391150430873 116 449 166 499
056 0.380861851765 180 772 230 822
056 0.373958648884 756 769 806 819
056 0.373831699128 803 1314 853 1364
056 0.367179784462 543 831 593 881
056 0.366076501378 112 407 162 457
056 0.354716016042 238 751 288 801
067 0.653355954122 2108 2829 2158 2879
067 0.584068103711 3722 4265 3772 4315
067 0.547357746863 3722 4266 3772 4316
067 0.509515422387 6626 6623 6676 6673
067 0.500026683271 2104 2818 2154 2868
067 0.475980873632 2986 5347 3036 5397
067 0.464475629644 4020 3239 4070 3289
067 0.463574822326 4019 3240 4069 3290
067 0.450874407287 6629 6622 6679 6672
067 0.448504280035 4998 2479 5048 2529
067 0.445652890764 2104 2816 2154 2866
067 0.417947120115 5443 7158 5493 7208
067 0.417549905079 4363 8349 4413 8399
067 0.404051860566 2110 2340 2160 2390
067 0.383492220108 5360 7199 5410 7249
067 0.379828729963 6640 3752 6690 3802
067 0.37881696698 3528 5754 3578 5804
067 0.37881696698 3528 5754 3578 5804
067 0.360691937417 867 806 917 856
067 0.359776183337 3942 3336 3992 3386
067 0.342228748361 5374 7031 5424 7081
067 0.330018932971 4375 8333 4425 8383
067 0.321590785065 858 728 908 778
067 0.321590785065 858 728 908 778
067 0.313952158649 5358 7199 5408 7249
074 0.718395418706 4968 2843 5018 2893
074 0.718395418706 4968 2843 5018 2893
074 0.718395418706 4968 2843 5018 2893
074 0.637515658864 4969 2843 5019 2893
074 0.63346375437 4651 3399 4701 3449
074 0.588540414118 4999 2810 5049 2860
074 0.586594583236 4651 3398 4701 3448
074 0.553815215828 2302 8991 2352 9041
074 0.553075822562 3638 8157 3688 8207
074 0.550980740657 4651 3397 4701 3447
074 0.528162711747 3102 2314 3152 2364
074 0.522850420884 2468 7046 2518 7096
074 0.522808628586 4652 3397 4702 3447
074 0.519663110149 6325 4053 6375 4103
074 0.514003502726 4712 3018 4762 3068
074 0.514003502726 4712 3018 4762 3068
074 0.503074982934 2735 8340 2785 8390
074 0.464674309612 3104 2310 3154 2360
074 0.462367147083 4653 3398 4703 3448
074 0.461683850367 2496 7029 2546 7079
074 0.45838156315 4711 3017 4761 3067
074 0.430122428262 6263 6425 6313 6475
074 0.428876420566 2775 405 2825 455
074 0.418250640103 6324 4054 6374 4104
074 0.415200436447 4966 2843 5016 2893
