003 0.336262454631 284 330 334 380
003 0.309574117201 338 113 388 163
003 0.306943374355 126 259 176 309
003 0.303513524504 285 340 335 390
003 0.287906309198 286 263 336 313
003 0.281930584046 75 537 125 587
003 0.279889384197 299 188 349 238
003 0.271146133008 205 430 255 480
003 0.271146133008 205 430 255 480
003 0.270912492813 294 229 344 279
003 0.263407432647 285 326 335 376
003 0.260024504225 739 955 789 1005
003 0.250871850032 330 1521 380 1571
003 0.250539189336 730 570 780 620
003 0.244557363202 290 205 340 255
003 0.243030903509 294 254 344 304
003 0.239714033894 247 272 297 322
003 0.23175640132 209 248 259 298
003 0.23175640132 209 248 259 298
003 0.231632032523 284 329 334 379
003 0.231030213327 512 588 562 638
003 0.22774734983 804 229 854 279
003 0.227066699977 283 336 333 386
003 0.222415119143 282 348 332 398
003 0.214832764986 373 378 423 428
018 0.681553152249 4843 426 4893 476
018 0.681553152249 4843 426 4893 476
018 0.651796478567 1740 1978 1790 2028
018 0.629964280036 1490 1326 1540 1376
018 0.60191196796 2559 1848 2609 1898
018 0.586075524111 1691 1024 1741 1074
018 0.582610110488 4848 1934 4898 1984
018 0.582610110488 4848 1934 4898 1984
018 0.5760707013 3168 4142 3218 4192
018 0.571995496919 1729 991 1779 1041
018 0.567607822489 1274 776 1324 826
018 0.536129951123 1605 1196 1655 1246
018 0.536129951123 1605 1196 1655 1246
018 0.53116146566 1892 1716 1942 1766
018 0.526728284918 1731 412 1781 462
018 0.521422798604 1721 7071 1771 7121
018 0.515439996201 1491 1326 1541 1376
018 0.510479715893 4831 1529 4881 1579
018 0.492870595209 1738 1980 1788 2030
018 0.492870595209 1738 1980 1788 2030
018 0.489958502326 1480 1509 1530 1559
018 0.476259075462 4152 4068 4202 4118
018 0.472203017122 1251 1687 1301 1737
018 0.462975330771 1554 5801 1604 5851
018 0.441568214492 5342 1251 5392 1301
036 0.758350819859 1221 224 1271 274
036 0.707868511218 1204 771 1254 821
036 0.704814263385 1093 831 1143 881
036 0.669943330231 1214 234 1264 284
036 0.669650953417 953 577 1003 627
036 0.657559139665 1030 804 1080 854
036 0.644252661766 1222 224 1272 274
036 0.637780352099 898 824 948 874
036 0.62749307141 1300 122 1350 172
036 0.625763030218 1211 769 1261 819
036 0.622074003452 1035 695 1085 745
036 0.621296775038 1093 444 1143 494
036 0.619324720886 1023 212 1073 262
036 0.61413472807 1234 737 1284 787
036 0.604843755891 1308 328 1358 378
036 0.595154264527 1215 251 1265 301
036 0.592562579498 1000 659 1050 709
036 0.590824303467 1186 362 1236 412
036 0.578409932776 990 664 1040 714
036 0.576411130288 1222 821 1272 871
036 0.573553689513 1203 771 1253 821
036 0.566641565579 1092 231 1142 281
036 0.560232254068 1309 327 1359 377
036 0.55994336421 1030 803 1080 853
036 0.55442381582 1156 759 1206 809
043 0.75475468802 2668 204 2718 254
043 0.71639946601 3517 3688 3567 3738
043 0.713360816822 2649 287 2699 337
043 0.662691690509 2650 287 2700 337
043 0.662691690509 2650 287 2700 337
043 0.644752847671 3426 1653 3476 1703
043 0.616718899376 2668 203 2718 253
043 0.602083783069 5697 708 5747 758
043 0.598898949547 5733 3611 5783 3661
043 0.59738252118 2120 3335 2170 3385
043 0.593317115852 6162 914 6212 964
043 0.591274414369 4129 2586 4179 2636
043 0.573179905636 4266 3164 4316 3214
043 0.558285118541 2640 269 2690 319
043 0.551233248474 3056 4488 3106 4538
043 0.530186024901 6123 3819 6173 3869
043 0.519474772136 2651 287 2701 337
043 0.517657326462 3056 4487 3106 4537
043 0.517657326462 3056 4487 3106 4537
043 0.504542593425 4382 4284 4432 4334
043 0.499674027332 2412 1230 2462 1280
043 0.494968825115 2637 294 2687 344
043 0.493991332061 2229 2189 2279 2239
043 0.492962685388 2669 202 2719 252
043 0.4918633275 2229 2190 2279 2240
038 0.706736335244 1279 6245 1329 6295
038 0.594682422462 1277 6763 1327 6813
038 0.546922946072 4226 1364 4276 1414
038 0.530812891954 4227 1363 4277 1413
038 0.523756446233 1641 7281 1691 7331
038 0.508447646765 1172 6697 1222 6747
038 0.498185601513 1487 6683 1537 6733
038 0.493766981435 2136 7209 2186 7259
038 0.488777755965 4671 4280 4721 4330
038 0.467637175354 5408 5960 5458 6010
038 0.462280336231 4216 1857 4266 1907
038 0.450815285078 2011 3436 2061 3486
038 0.450279765329 2322 7973 2372 8023
038 0.434653222855 6405 6291 6455 6341
038 0.427108301073 1640 7278 1690 7328
038 0.427108301073 1640 7278 1690 7328
038 0.412864410235 677 1087 727 1137
038 0.405569644876 2050 8989 2100 9039
038 0.390448291803 5420 5040 5470 5090
038 0.354586535375 1302 6757 1352 6807
038 0.346910552327 1486 6684 1536 6734
038 0.340273697457 4222 1368 4272 1418
038 0.334384763457 1966 3500 2016 3550
038 0.322109610257 1967 3499 2017 3549
038 0.303062497591 738 776 788 826
056 0.372518683997 209 159 259 209
056 0.346341217295 221 384 271 434
056 0.338852595262 260 293 310 343
056 0.338852595262 260 293 310 343
056 0.316641428155 762 703 812 753
056 0.31579749239 204 435 254 485
056 0.314196329255 118 382 168 432
056 0.296647737794 219 433 269 483
056 0.275328385058 184 259 234 309
056 0.273198412687 207 387 257 437
056 0.273198412687 207 387 257 437
056 0.273198412687 207 387 257 437
056 0.270415406174 792 560 842 610
056 0.260343128927 137 316 187 366
056 0.251603680846 513 937 563 987
056 0.246855612732 582 963 632 1013
056 0.246855612732 582 963 632 1013
056 0.24132961495 209 367 259 417
056 0.240295902553 112 1419 162 1469
056 0.235746303305 260 364 310 414
056 0.232036046129 582 964 632 1014
056 0.231635314561 72 418 122 468
056 0.231225670675 184 176 234 226
056 0.226875118249 202 293 252 343
056 0.22644963879 197 398 247 448
067 0.67899851155 5848 3404 5898 3454
067 0.561350855231 4364 8320 4414 8370
067 0.536018368994 3480 5758 3530 5808
067 0.495108138262 2104 2816 2154 2866
067 0.492551379909 4374 8333 4424 8383
067 0.488372172532 4375 8333 4425 8383
067 0.463679562951 5443 7158 5493 7208
067 0.460478480243 1182 806 1232 856
067 0.454491512358 2329 3042 2379 3092
067 0.437780167726 4177 7978 4227 8028
067 0.422615801896 4363 8349 4413 8399
067 0.417347809469 3475 5766 3525 5816
067 0.406581986422 5319 8341 5369 8391
067 0.405030362571 542 1628 592 1678
067 0.399255950445 6812 3254 6862 3304
067 0.396581333775 1419 1985 1469 2035
067 0.394277467782 3495 5779 3545 5829
067 0.38585135747 5669 3183 5719 3233
067 0.380106442145 5432 1294 5482 1344
067 0.378557215805 5640 1663 5690 1713
067 0.377557494925 5374 7031 5424 7081
067 0.363269909005 849 813 899 863
067 0.354229856638 1766 1505 1816 1555
067 0.354229856638 1766 1505 1816 1555
067 0.339451154096 5321 8341 5371 8391
074 0.832307002656 6225 6699 6275 6749
074 0.805056248897 6037 7566 6087 7616
074 0.805056248897 6037 7566 6087 7616
074 0.803101645054 5676 353 5726 403
074 0.770075071423 5549 1966 5599 2016
074 0.769934555143 5528 1965 5578 2015
074 0.752618650332 5548 1966 5598 2016
074 0.751957863515 1274 2242 1324 2292
074 0.719984376006 1275 2242 1325 2292
074 0.716228557411 1272 2242 1322 2292
074 0.704196684466 6076 7583 6126 7633
074 0.640418836311 6267 6428 6317 6478
074 0.63734034034 1588 5086 1638 5136
074 0.633733470666 1269 2210 1319 2260
074 0.629797160392 4988 1820 5038 1870
074 0.621484777349 5917 9479 5967 9529
074 0.618203979881 6041 7548 6091 7598
074 0.608482435654 5468 2157 5518 2207
074 0.576388991289 1269 2207 1319 2257
074 0.563995019498 6059 7538 6109 7588
074 0.561091458317 6041 7550 6091 7600
074 0.547738157514 1588 5087 1638 5137
074 0.530966767776 931 9212 981 9262
074 0.530966767776 931 9212 981 9262
074 0.527788386739 2903 1211 2953 1261
